phase_right.offset              	0.1042288	0.1042992	0.00012871033	
phase_left.offset               	0.12776718	0.12797355	0.00013762548	
omega                           	5.9003061	5.8999798	0.00016866642	
glut_max.w1                     	0.14791347	0.14783302	0.00014188235	
glut_max.w2                     	7.3654531e-05	0.00013880425	0.00014514562	
glut_max.w3                     	-0.19848621	-0.19815603	0.00014548346	
glut_max.w4                     	-0.22089459	-0.2208229	0.00016059767	
glut_max.w5                     	-0.061706032	-0.061668994	0.00015196118	
soleus.w1                       	0.0039891392	0.0039272445	0.00013098624	
soleus.w2                       	-0.056087322	-0.05599887	0.00012814699	
soleus.w3                       	0.55042283	0.55034096	0.00012778117	
soleus.w4                       	0.0094405395	0.009469449	0.0001409324	
soleus.w5                       	-0.1200992	-0.12011685	0.00014549856	
iliopsoas.w1                    	-0.10571871	-0.10545084	0.00013823473	
iliopsoas.w2                    	0.21573276	0.21568099	0.0001299537	
iliopsoas.w3                    	0.61040066	0.61066117	0.00014768726	
iliopsoas.w4                    	0.39339227	0.39361134	0.00018665979	
iliopsoas.w5                    	0.016342233	0.016156338	0.00015047585	
bifemsh.w1                      	-0.27804688	-0.27821305	0.00014993354	
bifemsh.w2                      	-0.087111905	-0.086996181	0.00015801149	
bifemsh.w3                      	0.073362213	0.073439925	0.00014373448	
bifemsh.w4                      	0.11598021	0.11562441	0.00021303991	
bifemsh.w5                      	0.032559984	0.032585527	0.00010134797	
hamstrings.w1                   	0.32535894	0.32536548	0.00016532187	
hamstrings.w2                   	0.20882462	0.20901699	0.00017981001	
hamstrings.w3                   	0.28207	0.28225491	0.00012955188	
hamstrings.w4                   	0.047142173	0.047119153	9.7094484e-05	
hamstrings.w5                   	-0.17538769	-0.17564849	0.00015318441	
gastroc.w1                      	-0.05753455	-0.05759834	0.0001622862	
gastroc.w2                      	0.4043907	0.40426067	0.00014750821	
gastroc.w3                      	0.69491239	0.69513545	0.00012183979	
gastroc.w4                      	-0.10482853	-0.10490387	0.0001429968	
gastroc.w5                      	-0.19729866	-0.19716063	0.00014933585	
tib_ant.w1                      	0.44953268	0.44968904	0.00013698237	
tib_ant.w2                      	-0.063083221	-0.062922971	0.00013052853	
tib_ant.w3                      	-0.36185119	-0.36178274	0.0001333539	
tib_ant.w4                      	0.18117737	0.18142064	0.00012944564	
tib_ant.w5                      	0.2314038	0.23172772	0.00013173045	
vasti.w1                        	0.3984643	0.39857088	0.00018596593	
vasti.w2                        	0.1145962	0.11456344	0.00012296856	
vasti.w3                        	-0.13628192	-0.13643848	0.00017255784	
vasti.w4                        	-0.032666823	-0.032438279	0.00013995007	
vasti.w5                        	-0.059529134	-0.059629155	0.00014465777	
rect_fem.w1                     	0.1826273	0.18295957	0.00014669115	
rect_fem.w2                     	0.22258951	0.22265759	0.00013162798	
rect_fem.w3                     	-0.16580186	-0.16583546	0.00013285296	
rect_fem.w4                     	-0.040106969	-0.039789206	0.00012276307	
rect_fem.w5                     	-0.14188217	-0.14179414	0.00014213033	
S00011.hamstrings-pelvis_tilt.P0	-0.25675266	-0.25687179	7.8152387e-05	
S00011.hamstrings-pelvis_tilt.KP	1.1807777	1.1809771	0.00013290913	
S00011.hamstrings-pelvis_tilt.KV	0.95130471	0.95112359	0.00018219209	
S00011.glut_max-pelvis_tilt.P0  	0.11227382	0.11190395	0.00017711246	
S00011.glut_max-pelvis_tilt.KP  	0.29848817	0.29847966	0.000151044	
S00011.glut_max-pelvis_tilt.KV  	0.5313253	0.53129757	0.00014701323	
S00011.iliopsoas-pelvis_tilt.P0 	-0.11181754	-0.11182654	8.5784144e-05	
S00011.iliopsoas-pelvis_tilt.KP 	-2.1569598	-2.1568517	0.00014630037	
S00011.iliopsoas-pelvis_tilt.KV 	-0.34530361	-0.34523645	0.00015664797	
