phase_right.offset              	0.11154319	0.11084093	0.001477585	
phase_left.offset               	0.19714414	0.1974786	0.0014946302	
omega                           	5.7727612	5.7712423	0.0014978671	
glut_max.w1                     	0.052844862	0.054150398	0.0014726641	
glut_max.w2                     	0.074857289	0.075041962	0.0014488088	
glut_max.w3                     	-0.1273389	-0.1294144	0.0014907641	
glut_max.w4                     	-0.097468205	-0.09561382	0.0014999818	
glut_max.w5                     	0.038810673	0.040274338	0.0014370628	
soleus.w1                       	-0.0095147493	-0.0099763683	0.0014723003	
soleus.w2                       	-0.027552716	-0.026772613	0.0014950745	
soleus.w3                       	0.53487347	0.53433178	0.0014946025	
soleus.w4                       	0.044827439	0.047233881	0.0014402286	
soleus.w5                       	-0.11086546	-0.1102092	0.0014973577	
iliopsoas.w1                    	-0.16804506	-0.16737149	0.0014929785	
iliopsoas.w2                    	0.23724514	0.23883757	0.0014190188	
iliopsoas.w3                    	0.64462171	0.64521792	0.001548858	
iliopsoas.w4                    	0.50691374	0.50741606	0.0014852586	
iliopsoas.w5                    	-0.089993891	-0.087909789	0.0014354587	
bifemsh.w1                      	-0.25000823	-0.25210131	0.001450764	
bifemsh.w2                      	-0.047773588	-0.046357589	0.0015069592	
bifemsh.w3                      	0.0832169	0.082844682	0.0015756381	
bifemsh.w4                      	-0.068334844	-0.070545708	0.0016334373	
bifemsh.w5                      	0.040574604	0.03960227	0.0014494953	
hamstrings.w1                   	0.1711158	0.1706678	0.0014578775	
hamstrings.w2                   	0.33535745	0.3351016	0.0014899633	
hamstrings.w3                   	0.30754395	0.30804463	0.0014107631	
hamstrings.w4                   	0.071417689	0.071273881	0.0013172181	
hamstrings.w5                   	-0.12959485	-0.12834026	0.0015596064	
gastroc.w1                      	0.037336276	0.036749927	0.0015483529	
gastroc.w2                      	0.36018563	0.36194885	0.0014560681	
gastroc.w3                      	0.69799272	0.69776309	0.0014864539	
gastroc.w4                      	-0.02574416	-0.023246027	0.0014426084	
gastroc.w5                      	-0.16436026	-0.16519098	0.0016068656	
tib_ant.w1                      	0.53250745	0.53095758	0.0015547399	
tib_ant.w2                      	-0.022803218	-0.021353348	0.0014344969	
tib_ant.w3                      	-0.28658993	-0.28579109	0.0014215799	
tib_ant.w4                      	0.24661927	0.24820165	0.0014244122	
tib_ant.w5                      	0.29137051	0.28965544	0.0014970017	
vasti.w1                        	0.5537112	0.55276799	0.0015153635	
vasti.w2                        	0.086338296	0.086154682	0.0014187465	
vasti.w3                        	-0.19647638	-0.19669822	0.0015063672	
vasti.w4                        	-0.026545068	-0.02936921	0.0015340279	
vasti.w5                        	-0.052790663	-0.052572422	0.0014982982	
rect_fem.w1                     	0.2029884	0.20252916	0.0015244165	
rect_fem.w2                     	0.22799137	0.22858225	0.0014977782	
rect_fem.w3                     	-0.16425825	-0.1638633	0.0014081698	
rect_fem.w4                     	0.0016569505	0.0019951622	0.0014337482	
rect_fem.w5                     	-0.11001418	-0.11081834	0.0014220717	
S00011.hamstrings-pelvis_tilt.P0	-0.18138632	-0.18052942	0.0011063558	
S00011.hamstrings-pelvis_tilt.KP	1.1857202	1.1870274	0.0014595053	
S00011.hamstrings-pelvis_tilt.KV	0.81612489	0.81620975	0.0014275887	
S00011.glut_max-pelvis_tilt.P0  	-0.044124415	-0.045308434	0.001509972	
S00011.glut_max-pelvis_tilt.KP  	0.20916183	0.20801627	0.0015743368	
S00011.glut_max-pelvis_tilt.KV  	0.43334915	0.43373042	0.001456642	
S00011.iliopsoas-pelvis_tilt.P0 	-0.13768192	-0.13820189	0.0012687013	
S00011.iliopsoas-pelvis_tilt.KP 	-2.159515	-2.1596989	0.0015803691	
S00011.iliopsoas-pelvis_tilt.KV 	-0.33826956	-0.34129069	0.0016842247	
