phase_right.offset              	0.10653984	0.11052111	0.0022600285	
phase_left.offset               	0.1975577	0.19353011	0.0025524043	
omega                           	5.6047903	5.6053456	0.0034256963	
glut_max.w1                     	0.24492378	0.24498027	0.0028874923	
glut_max.w2                     	-0.094640721	-0.097336636	0.002737827	
glut_max.w3                     	-0.32078118	-0.3198204	0.0027802037	
glut_max.w4                     	-0.52475891	-0.52495954	0.0030881536	
glut_max.w5                     	0.12065489	0.11966428	0.0026245075	
soleus.w1                       	0.24204273	0.23933131	0.0026791353	
soleus.w2                       	-0.092598072	-0.089188362	0.0022482206	
soleus.w3                       	0.29775804	0.29717304	0.0021858815	
soleus.w4                       	-0.0010588089	-0.0072180145	0.0025494256	
soleus.w5                       	-0.21771775	-0.21809318	0.0027486582	
iliopsoas.w1                    	0.15697659	0.15357809	0.0026708407	
iliopsoas.w2                    	0.3200326	0.32137306	0.0024298774	
iliopsoas.w3                    	0.56277043	0.56476502	0.002858109	
iliopsoas.w4                    	0.31460385	0.31763097	0.003644253	
iliopsoas.w5                    	-0.0087532343	-0.0085839579	0.0026869105	
bifemsh.w1                      	-0.21335178	-0.20966821	0.0028728279	
bifemsh.w2                      	-0.31241736	-0.3154939	0.0031171448	
bifemsh.w3                      	0.12710837	0.12766854	0.0029019453	
bifemsh.w4                      	0.141061	0.14431312	0.0045274995	
bifemsh.w5                      	0.0066131817	0.0056300198	0.0019041108	
hamstrings.w1                   	0.2052924	0.20800795	0.0029474256	
hamstrings.w2                   	-0.036000677	-0.031708308	0.0033186496	
hamstrings.w3                   	0.36982501	0.3706708	0.0023847036	
hamstrings.w4                   	0.0032167647	0.0071078049	0.001926528	
hamstrings.w5                   	-0.24023483	-0.23821517	0.002830217	
gastroc.w1                      	-0.18468443	-0.18124866	0.0030310475	
gastroc.w2                      	0.47195641	0.47340784	0.0027928882	
gastroc.w3                      	0.75985273	0.7578209	0.002229087	
gastroc.w4                      	-0.22681453	-0.23036918	0.0027628147	
gastroc.w5                      	-0.35514398	-0.35564433	0.0029715531	
tib_ant.w1                      	0.29998129	0.29756262	0.0025500743	
tib_ant.w2                      	-0.0030547126	-0.0031409608	0.002433577	
tib_ant.w3                      	-0.69263732	-0.68836386	0.0026657197	
tib_ant.w4                      	0.095316275	0.093567571	0.0024647228	
tib_ant.w5                      	0.086908023	0.089856807	0.0024649267	
vasti.w1                        	0.35475104	0.35751724	0.0035131913	
vasti.w2                        	0.02166049	0.023779168	0.0022940735	
vasti.w3                        	-0.17284957	-0.16888833	0.0034100712	
vasti.w4                        	0.020310776	0.021584822	0.002493884	
vasti.w5                        	-0.13458463	-0.1297448	0.0028045587	
rect_fem.w1                     	-0.016296209	-0.018125513	0.0028379006	
rect_fem.w2                     	0.13419426	0.13667535	0.0025352202	
rect_fem.w3                     	-0.3171601	-0.31919445	0.002735793	
rect_fem.w4                     	-0.036208399	-0.034121804	0.0023370294	
rect_fem.w5                     	-0.3321137	-0.32905693	0.0027339591	
S00011.hamstrings-pelvis_tilt.P0	-0.22260379	-0.22349724	0.0014699722	
S00011.hamstrings-pelvis_tilt.KP	1.0815122	1.0816647	0.0024851865	
S00011.hamstrings-pelvis_tilt.KV	1.1727947	1.1748166	0.0037925747	
S00011.glut_max-pelvis_tilt.P0  	0.16101356	0.15396674	0.0032901607	
S00011.glut_max-pelvis_tilt.KP  	0.38285686	0.38339723	0.0028586065	
S00011.glut_max-pelvis_tilt.KV  	0.29123975	0.29474743	0.0029287728	
S00011.iliopsoas-pelvis_tilt.P0 	-0.026980645	-0.026593724	0.0014337089	
S00011.iliopsoas-pelvis_tilt.KP 	-2.1872488	-2.1863947	0.0028470789	
S00011.iliopsoas-pelvis_tilt.KV 	-0.37275316	-0.36923607	0.0027602592	
