pelvis_tilt.offset              	-0.048629242	-0.048599018	5.3172101e-05	
hip_flexion_r.offset            	0.12342609	0.12349886	6.1587755e-05	
knee_angle_r.offset             	-0.060917717	-0.060891856	6.3216759e-05	
ankle_angle_r.offset            	-0.053497634	-0.053415937	7.0402609e-05	
hip_flexion_l.offset            	0.057477985	0.057552585	6.8666331e-05	
knee_angle_l.offset             	-0.10190453	-0.10199629	6.0721949e-05	
ankle_angle_l.offset            	-0.082012112	-0.081960421	6.6095134e-05	
stance_load_threshold           	0.27923198	0.2792132	6.2950328e-05	
S11111.tib_ant.KL               	0.62815094	0.6281176	8.2987719e-05	
S11111.tib_ant.L0               	0.50103079	0.50105	5.8745828e-05	
S11111.tib_ant.KF               	0.5818963	0.58195089	6.9411485e-05	
S11111.soleus.KL                	0.6957598	0.69559811	8.8510025e-05	
S11111.soleus.L0                	0.71242888	0.71234457	8.2200561e-05	
S11111.soleus.KF                	0.92230628	0.92217943	0.00014333223	
S11111.gastroc.KL               	0.5734975	0.57342036	6.756632e-05	
S11111.gastroc.L0               	0.64229431	0.64217094	7.3862233e-05	
S11111.gastroc.KF               	0.74585045	0.7458851	0.00010264337	
S11111.tib_ant-soleus.KL        	-0.083870394	-0.0839097	6.1925799e-05	
S11111.tib_ant-soleus.KF        	-1.1206159	-1.1206393	0.00012431843	
S11111.tib_ant-gastroc.KL       	-0.1059672	-0.10586014	6.8403599e-05	
S11111.tib_ant-gastroc.KF       	-0.57252126	-0.57239896	9.3897527e-05	
S11111.soleus-tib_ant.KF        	-0.75949752	-0.75956839	8.2681569e-05	
S11111.gastroc-tib_ant.KF       	-0.92361913	-0.92343743	0.00010306103	
S00011.vasti.KL                 	2.9756436	2.9751225	0.00035273846	
S00011.vasti.L0                 	0.56477095	0.56479987	4.9698968e-05	
S00011.vasti.KF                 	0.65422812	0.65428785	0.00011454646	
S00011.iliopsoas.KL             	2.4540021	2.4534906	0.000265528	
S00011.iliopsoas.L0             	0.87197755	0.87204298	4.4742011e-05	
S00011.rect_fem.KL              	0.15820949	0.15830759	6.6629915e-05	
S00011.rect_fem.L0              	0.47607508	0.47604899	6.8740079e-05	
S00011.hamstrings.KL            	0.85493781	0.8549524	0.00010681657	
S00011.hamstrings.L0            	0.48778344	0.487875	7.7355745e-05	
S00011.bifemsh.KF               	0.21824302	0.21829913	6.5786452e-05	
S00011.glut_max.KL              	0.47272429	0.47273002	6.0662409e-05	
S00011.glut_max.L0              	1.152772	1.1529759	0.00015247666	
S00011.hamstrings-pelvis_tilt.KP	1.1759017	1.1760747	0.00015669818	
S00011.hamstrings-pelvis_tilt.KV	0.23716188	0.23702763	6.5605373e-05	
S00011.glut_max-pelvis_tilt.KP  	1.0295267	1.029475	0.0001366546	
S00011.rect_fem-pelvis_tilt.KP  	-1.3521882	-1.352444	0.00014230381	
S00011.rect_fem-pelvis_tilt.KV  	0.034506425	0.034387811	6.0146827e-05	
S11100.iliopsoas.KL             	0.92205751	0.92201204	0.00012721055	
S11100.iliopsoas.L0             	0.70651518	0.70651814	8.6634196e-05	
S11100.rect_fem.KL              	0.5314992	0.53166637	6.8152017e-05	
S11100.rect_fem.L0              	1.0967659	1.0966807	0.00015204365	
S11100.iliopsoas-pelvis_tilt.KP 	1.7215233	1.7211308	0.00022906682	
S11100.iliopsoas-pelvis_tilt.KV 	0.24155578	0.24159833	6.3431367e-05	
S11100.iliopsoas-hamstrings.KL  	-2.3132412	-2.3125884	0.00037151038	
S11100.iliopsoas-hamstrings.L0  	0.56162659	0.56168849	7.1282674e-05	
S11100.hamstrings.KL            	0.21959294	0.21971121	6.8640243e-05	
S11100.hamstrings.L0            	0.73931108	0.73927013	0.00013423969	
S11100.bifemsh.KF               	0.16672409	0.1666393	6.4867237e-05	
S11100.glut_max.KL              	1.0753401	1.0751558	0.00013942836	
S11100.glut_max.L0              	0.72095294	0.72079836	8.6777883e-05	
