pelvis_tilt.offset              	0.025728848	0.025545739	0.00013064287	
hip_flexion_r.offset            	0.019850548	0.019834172	0.0001431362	
knee_angle_r.offset             	-0.028147777	-0.028305301	0.00014241966	
ankle_angle_r.offset            	-0.016804343	-0.016735218	0.00014525207	
hip_flexion_l.offset            	-0.0043696083	-0.0042414814	0.0001464803	
knee_angle_l.offset             	0.0060136441	0.005985944	0.00016631915	
ankle_angle_l.offset            	0.10803507	0.10790696	0.00014900525	
stance_load_threshold           	0.3239917	0.3238865	0.00015793384	
S11111.tib_ant.KL               	0.73192669	0.73153145	0.00020429547	
S11111.tib_ant.L0               	0.54352981	0.54325476	0.00014848022	
S11111.tib_ant.KF               	0.4762414	0.47637168	0.00014131207	
S11111.soleus.KL                	0.64592472	0.64597238	0.00019222799	
S11111.soleus.L0                	0.70050183	0.7001939	0.00020681325	
S11111.soleus.KF                	0.7507641	0.7504364	0.00029090919	
S11111.gastroc.KL               	0.47063767	0.47068037	0.00015144882	
S11111.gastroc.L0               	0.55794363	0.55813049	0.00020506672	
S11111.gastroc.KF               	0.81672174	0.81640661	0.00022466065	
S11111.tib_ant-soleus.KL        	-0.02638983	-0.026420374	0.00015336823	
S11111.tib_ant-soleus.KF        	-1.160583	-1.160765	0.00031244431	
S11111.tib_ant-gastroc.KL       	-0.14927606	-0.14939004	0.00014253231	
S11111.tib_ant-gastroc.KF       	-0.73588963	-0.73609211	0.00022005585	
S11111.soleus-tib_ant.KF        	-0.64788099	-0.64773406	0.00017964211	
S11111.gastroc-tib_ant.KF       	-0.9943314	-0.99402401	0.0002321529	
S00011.vasti.KL                 	2.2808398	2.280492	0.00062189795	
S00011.vasti.L0                 	0.572652	0.57262585	0.00013928667	
S00011.vasti.KF                 	0.89157919	0.89161632	0.00024132252	
S00011.iliopsoas.KL             	2.2351782	2.2355938	0.0006043208	
S00011.iliopsoas.L0             	0.87912703	0.8792279	0.0001542724	
S00011.rect_fem.KL              	0.24333184	0.24333782	0.000174773	
S00011.rect_fem.L0              	0.46204006	0.46211317	0.00017032307	
S00011.hamstrings.KL            	0.90614837	0.90675037	0.0002581317	
S00011.hamstrings.L0            	0.54996771	0.54992435	0.00019841582	
S00011.bifemsh.KF               	0.10642585	0.10674106	0.00015191886	
S00011.glut_max.KL              	0.43308466	0.4330755	0.00015020779	
S00011.glut_max.L0              	1.2574321	1.2574117	0.00033117959	
S00011.hamstrings-pelvis_tilt.KP	1.5082566	1.5082877	0.00040646951	
S00011.hamstrings-pelvis_tilt.KV	0.22356896	0.22330196	0.00015070115	
S00011.glut_max-pelvis_tilt.KP  	1.0225548	1.0224011	0.00028679951	
S00011.rect_fem-pelvis_tilt.KP  	-1.0224084	-1.0230177	0.00031730968	
S00011.rect_fem-pelvis_tilt.KV  	-0.049346996	-0.049392236	0.00014442382	
S11100.iliopsoas.KL             	1.0306612	1.0308914	0.0002972631	
S11100.iliopsoas.L0             	0.86715651	0.86676354	0.00022241326	
S11100.rect_fem.KL              	0.56079062	0.56099017	0.00016075341	
S11100.rect_fem.L0              	1.2831791	1.2830177	0.00037126133	
S11100.iliopsoas-pelvis_tilt.KP 	1.8430368	1.8436598	0.00054110487	
S11100.iliopsoas-pelvis_tilt.KV 	0.2518353	0.25189002	0.00015605617	
S11100.iliopsoas-hamstrings.KL  	-2.8026305	-2.803076	0.00090830428	
S11100.iliopsoas-hamstrings.L0  	0.57287031	0.57251012	0.00017292306	
S11100.hamstrings.KL            	0.33988007	0.33978829	0.00015528802	
S11100.hamstrings.L0            	0.76437644	0.76459847	0.00031673384	
S11100.bifemsh.KF               	0.23307889	0.2332358	0.00013482696	
S11100.glut_max.KL              	1.0407792	1.041138	0.00030667996	
S11100.glut_max.L0              	0.7340837	0.73407837	0.00022885623	
